117962419841,
336752129319,
286696846811,
191859246961,
661421724568,
766916369639,
384694696968,
351549867715,
961976584823,
697454884359,
655761447886,
896736613757,
565935761521,
522578538416,
452328712156,
482944645313,
665819688166,
682125685761,
539418667562,
516635853738,
184866675466,
675796324875,
162861317746,
562718666168,
856671561861,
944546414822,
129334497638,
823178583241,
524452396316,
356482396738,
211636179938,
696171416963,
831698363814,
821596527486,
856929685569,
236446522189,
984176323613,
966624672192,
845946466169,
636621665359,
163654369531,
734697136992,
235636685359,
766898448423,
319986734227,
126429583697,
127646176995,
597327869666,
239387854635,
228692392869,
689366622169,
611523978851,
253661758267,
169633851958,
351934578444,
652776441765,
154694566241,
188662742281,
325935611646,
663182921536,
171516379336,
869673189864,
536952146662,
116965284567,
726556768597,
134994118929,
557528566653,
651546636658,
661857781413,
228587432463,
866586988132,
666892131625,
834742968621,
733667856286,
258616125326,
752389562766,
968359525611,
496396694545,
736177765443,
117764987137,
916658691495,
376162362428,
441397669623,
628544631888,
329362222334,
652985629269,
715835972721,
823119268635,
643661843846,
268976146827,
581823698866,
653443363297,
829685872263,
117646779472,
613584618873,
918664253991,
978585849467,
456868281669,
337615136839,
484966358622,
163975244382,
992327573746,
265762128257,
235859466159,
722816442419,
122356615285,
997548575445,
611933294895,
265786788411,
761675439237,
752817653566,
626199671192,
561425676624,
777462118395,
682127829496,
324771351119,
889663818594,
376645496673,
873596694696,
239647745371,
169672758463,
934481444537,
613922931381,
866191743124,
468467674266,
696688542386,
148691221879,
367851476693,
975351942715,
831653497623,
967144319481,
194313516182,
544613766468,
927118716635,
126816262681,
613869996497,
569569671377,
654794636261,
956588569173,
926564593654,
768656245878,
835122962468,
786323621448,
914682584423,
494576644781,
251753936686,
156225845591,
848671556871,
614724381429,
899457655532,
667416686931,
693472571782,
185186661696,
763481511768,
666842976698,
682799428378,
671736673489,
645419887154,
673985365878,
261572765653,
649595914552,
869969911312,
644614916862,
926491258743,
746424678442,
917869975165,
753858253627,
931823482227,
864768824975,
392637926631,
139547332599,
632263123111,
646321999177,
866293811528,
648396349234,
385461263118,
374753214475,
347536986287,
162226345986,
399641896467,
393261432261,
656843583966,
746568955242,
469375846766,
123536269671,
581573627619,
612219966159,
167648958831,
865194943986,
533464424386,
382195516459,
266883227261,
165558812714,
541448112542,
319745161719,
515826315193,
159518822271,
866868273684,
366876544832,
292765497644,
635466336495,
926266284356,
926519689759,
157466975551,
276599962349,
136554764331,
236729861794,
826446657724,
716638333425,
961678645436,
414511628667,
533275452675,
358613574679,
481643295756,
214464276476,
845649176169,
546433451272,
794216852448,
686894255664,
396352557467,
127359164352,
718723116685,
786715242122,
276542115683,
646416559899,
269678578664,
956657139758,
831126619162,
721545253369,
176179511765,
374765686256,
514636689168,
391781836679,
632261699635,
563725665756,
491635446982,
359183914637,
345374151875,
126498189645,
229983629933,
627362466677,
696928165616,
696744837663,
896863671718,
642659424847,
629664932133,
647926995843,
336746556526,
337787926161,
862624747776,
667376652316,
147616268935,
476596771349,
145623918339,
427253635728,
776526466366,
923751366761,
656762366367,
688352847969,
575471475391,
777236965419,
686937634461,
571956419516,
887298929657,
666649257663,
582187869663,
169677181237,
122567859251,
462254858256,
843282966346,
977483223657,
638367926898,
896911289516,
429466726162,
984597368916,
214254522446,
543187244648,
634658387444,
759691952358,
285269849992,
732768361267,
532596826143,
678228496441,
634616719461,
465959766463,
224112261849,
359393865626,
193775669886,
245662786416,
169936726439,
233884461649,
135466955627,
657893372439,
876372966244,
755635124815,
658954159946,
226695861336,
413679264951,
671626726229,
154974676663,
465675644563,
862255937265,
557115582886,
361647576939,
638881663518,
486417379711,
918595131556,
742711215569,
659147136384,
144682575576,
668369964357,
761493225626,
193123266894,
656366449745,
242846718743,
825452156816,
737323134366,
741166443753,
369568864656,
154412158895,
851855668946,
855665628991,
299576624691,
697485961984,
954648838529,
546543622683,
458978678585,
942998583466,
633956566652,
736823263694,
766326835736,
486992636421,
422955294274,
685659684136,
224636389536,
676216742558,
562956952692,
553455894225,
867447273673,
253561226135,
466684676414,
268387217496,
982338764626,
467341976195,
778176697284,
373532647387,
979481753488,
619448232836,
942736499747,
989344641133,
847176675959,
178728676846,
716769873436,
968166792266,
287932228871,
568626252169,
229745315336,
449933614668,
393364975662,
638495643639,
197269677424,
956184613717,
678431626812,
196866413732,
499636632153,
968864873977,
462767317126,
629516541694,
351653682547,
327447578276,
522665656234,
768444165345,
345273911947,
695261943877,
661666115141,
165579361944,
628396566616,
667344868457,
363192436487,
116716171126,
784558644913,
923623236867,
414841195321,
638647259168,
917243417668,
791991164464,
299829112786,
877366851564,
646268869397,
724165218547,
793713646379,
385389331816,
858965546382,
667714849637,
961127169248,
218831481444,
967667995793,
665817114441,
644676568614,
434623686992,
628972866394,
699316893496,
575244851691,
248736938118,
484668166862,
667289196475,
266467998795,
598956684689,
466668814876,
345826554477,
941668813855,
353538553175,
212933826847,
325568512761,
966193953869,
572629697268,
469644546638,
761681565726,
227385458366,
646315395146,
171426768763,
568872638489,
958147467566,
587928598512,
293216446327,
411571694212,
619167352185,
417198742237,
467442715765,
683536657586,
423132662572,
486956442796,
759951348681,
676344484211,
754387668769,
497378744276,
667523945214,
926623785565,
225531522969,
616266681677,
964793466646,
632475458571,
664889956589,
862768449575,
681162629256,
782654993816,
361425466816,
848168614185,
377183525416,
156453792843,
823655679716,
688226928837,
139642772687,
667818164148,
291362195752,
498577645555,
653793794192,
756499656619,
726763826383,
766681414545,
178994989165,
869266759619,
379791296484,
573384439178,
626766784795,
149921489479,
136326411891,
637348627818,
995825897964,
366526898767,
456496224654,
544157859522,
818615472484,
796326219466,
448224677634,
731513359263,
761771747794,
859575934914,
361534514261,
669622164394,
669594489342,
968762651722,
662764523619,
833674631889,
465368199182,
553462974146,
262532676151,
469376474866,
594719972669,
468118254699,
571864696926,
895132741186,
267413384195,
934466222448,
785895756865,
426446661674,
867536666175,
157184686359,
432631395984,
591385712315,
989334338521,
216537566478,
213571531663,
491731329323,
726361345877,
733657463344,
896562543131,
167658614152,
412661345694,
215152126179,
112655222677,
226648623371,
836416571442,
569719541556,
551676218362,
369243188578,
436176136341,
929221264165,
671546431234,
179995294932,
768183393136,
773763637192,
224927325537,
638884712279,
211163678666,
172668231978,
395365683266,
272375949543,
633667517546,
686588498479,
154323331443,
266578638153,
666725676663,
915366332193,
667168445626,
846161241137,
116654465189,
757514859396,
943487955421,
844776692116,
963648235748,
366626585818,
943356776155,
334663554862,
898675646283,
128117617533,
186215356355,
658598621958,
861192793699,
666195773537,
636792165244,
866723666572,
761739242478,
877333659646,
789249534979,
875255836163,
536614686267,
864812413653,
465567646845,
641569834187,
641755164325,
161296913577,
112269746821,
766638479621,
652817878496,
315274645768,
463684389428,
831842971868,
315866424466,
161518969936,
266542435666,
513746656512,
682673659677,
168666691376,
629697257426,
764761343136,
481347481872,
395271148446,
438875873418,
972114824799,
267463441675,
136468928422,
553851358387,
665511656693,
889682364562,
559494161262,
654998671876,
664415699166,
347674694531,
146634865224,
895752684654,
756681412362,
264516621223,
942368346583,
617166458191,
484256369636,
917615584923,
622634411595,
632166996185,
186326586752,
496244594713,
576592486696,
169491926754,
837528549571,
826274268265,
154156878346,
176172867556,
386952872356,
295219668463,
485449416318,
722873533422,
616414484151,
643763262259,
517378896576,
839384626667,
697238627686,
665952592994,
295446698837,
746938248286,
857312616296,
443657311775,
677467657791,
697552848636,
757113382634,
965693916921,
343888576864,
518316391319,
364231716716,
361572269416,
959994575129,
925525282512,
575416169568,
786686772238,
795962661178,
688613137666,
546111693689,
937749516131,
626316419774,
675624914598,
483357142898,
634461232522,
861727463246,
651779912632,
655257777655,
889627626688,
666896216225,
786839645466,
235828575816,
968686161567,
691337549673,
438469483971,
132793751693,
126729358137,
829489846436,
563553668448,
192685716699,
472366422232,
582459358541,
626814865983,
622187366786,
666258571336,
589832984969,
361737646761,
487666145598,
615132937422,
663491612369,
611665335986,
277244391263,
164169944968,
526595753136,
616324162662,
656974789966,
536458969832,
362619486287,
497468129836,
425291995593,
116654746825,
893739187858,
366561665443,
369856196295,
866973162341,
825966812516,
643815829524,
536764652458,
695847347866,
896116991515,
936866816292,
235438765981,
876473543617,
816479138682,
267336535863,
782983694766,
562297923621,
199661837639,
755582661596,
129961744342,
318446969776,
615368162677,
564878559512,
826895336659,
662641455435,
266292712146,
895223662686,
472766693174,
396228667264,
761982783393,
668735713671,
682582834238,
243726752391,
399438262443,
866525165436,
866419362665,
854975915485,
625145935938,
153796843767,
216539984967,
492361831326,
239893625667,
396962237598,
651328267646,
765469325142,
316833736984,
741533978993,
587435132638,
485939644116,
676458751314,
735331515523,
958698528625,
623233329723,
195986391562,
161981192939,
567157659439,
873687331515,
944996946936,
467146959459,
726216993332,
778564231727,
933972676812,
896469623751,
287625722944,
388474166296,
399699727713,
735588858111,
649166556765,
686136571318,
424858166299,
313683169199,
633262278267,
568462925579,
896984361562,
423466169189,
373617227622,
631416377629,
975169491528,
556683131697,
666365579369,
853243851954,
724856572715,
446828764549,
166438667662,
331987633445,
261828658656,
766256318996,
476188594843,
976643726569,
276162464429,
621643391856,
237552611272,
667566979598,
878822469755,
343868664664,
253611868174,
472788377768,
591117783659,
981129822613,
485935797281,
984979556464,
296122696675,
259622619755,
746582361968,
834354442961,
439136563635,
917434566438,
366567955396,
257597573288,
126995368582,
324636853623,
451641349215,
895766735226,
519332452616,
529664689158,
482126127677,
144263296374,
894941461597,
161613279469,
664674137369,
614321668624,
919457663716,
485611169733,
232826254141,
717322276393,
665569658413,
653129846327,
663159776769,
375811574586,
643481759262,
918693655222,
964795644842,
936677866119,
316118972989,
626169969944,
234766662761,
286396556479,
261951697225,
756627666838,
722351556691,
356916129757,
664284286361,
667376666633,
274611268735,
838624499656,
198476248665,
637426719755,
594672532366,
844185735424,
723427654626,
624535344682,
357692276766,
855839272191,
155658574664,
846951949412,
697738869833,
666366693363,
491914712838,
967435571854,
634957886828,
259614424846,
565611549755,
627564646363,
267948153549,
742193989439,
385286634896,
844821131231,
762629475955,
458164555779,
925954246661,
485834467757,
387856332346,
819632979681,
639739776831,
641169841642,
871881236515,
975378682612,
766619623819,
941616435292,
241688881766,
333722325125,
227324942868,
326464486186,
641866699781,
856662135466,
863631891723,
616123716321,
493288484592,
111168676383,
496341666467,
819434516594,
688623693617,
689598826697,
928666618168,
324649632479,
173898646464,
953396767864,
295374818766,
676831636616,
956545139535,
137369872112,
446346296193,
528173569267,
146673684461,
352243346432,
826561141236,
213748894549,
156919656959,
786815266842,
891447169949,
991148687983,
145118673696,
775765719766,
416722818446,
761363579576,
132966551934,
944611521566,
963626686616,
541313836686,
765793983486,
586666946695,
125816728416,
362461464472,
231825734179,
841766688771,
228937282178,
264962669428,
364576369293,
194231563195,
297362662667,
691627849638,
788982956262,
673674631192,
636697813111,
646156466697,
652385999318,
543323719146,
895216932578,
723487569695,
498616454171,
567238276732,
695623294786,
611172476983,
111221787268,
268461676964,
832178362852,
668762795824,
816698666157,
655766691597,
566116496547,
754621927212,
524928669689,
536877946567,
582388122893,
618716713273,
266278668838,
347624141546,
863796672191,
533995527826,
161866776573,
621112137913,
811937664336,
287426749424,
232839563536,
314436366766,
739447763492,
385679449655,
711971616613,
785282898667,
696632794158,
952467198335,
228732668126,
216745684518,
713822969611,
316464655256,
598479158651,
418372471442,
696218837866